SRC,DST,W
0,633,0.0006020408163265307
0,1862,0.008333333333333333
0,2582,0.008928571428571428
1,2,0.0006020408163265307
1,652,0.0006020408163265307
1,654,0.0006020408163265307
2,1,0.0006020408163265307
2,332,0.0006020408163265307
2,1454,0.0006020408163265307
2,1666,0.0006020408163265307
2,1986,0.0006020408163265307
3,2544,0.0006020408163265307
4,1016,0.01700680272108843
4,1256,0.038690476190476185
4,1761,0.015873015873015872
4,2175,0.029761904761904764
4,2176,0.025793650793650792
5,1629,0.008928571428571428
5,1659,0.00992063492063492
5,2546,0.0006020408163265307
6,373,0.008333333333333333
6,1042,0.006428571428571429
6,1416,0.0065476190476190495
6,1602,0.006944444444444444
7,208,0.0006020408163265307
8,269,0.0006020408163265307
8,281,0.0006020408163265307
8,1996,0.0006020408163265307
9,723,0.011904761904761904
9,2614,0.008333333333333333
10,476,0.0006020408163265307
10,2545,0.0006020408163265307
11,1655,0.006944444444444444
11,1839,0.007936507936507936
12,1001,0.008928571428571428
12,1318,0.02083333333333333
12,2661,0.008928571428571428
12,2662,0.02083333333333333
13,1701,0.0006020408163265307
13,1810,0.0006020408163265307
14,158,0.007653061224489796
14,2034,0.006229235880398671
14,2075,0.015476190476190475
14,2077,0.007275132275132275
14,2668,0.007440476190476191
15,1090,0.02806122448979592
15,1093,0.029761904761904764
15,1271,0.03214285714285714
15,2367,0.022959183673469385
16,970,0.0006020408163265307
16,1632,0.0006020408163265307
16,2444,0.0006020408163265307
16,2642,0.0006020408163265307
17,24,0.0006020408163265307
17,927,0.01904761904761905
17,1315,0.0006020408163265307
17,1316,0.007653061224489796
17,2140,0.007440476190476191
18,139,0.0006020408163265307
18,1560,0.0006020408163265307
18,1786,0.0006020408163265307
18,2082,0.0006020408163265307
18,2145,0.0006020408163265307
19,1939,0.0006020408163265307
20,1072,0.0006020408163265307
20,2269,0.0071428571428571435
20,2270,0.01636904761904762
20,2374,0.0006020408163265307
20,2375,0.007653061224489796
21,1043,0.0006020408163265307
21,2310,0.0006020408163265307
22,39,0.0006020408163265307
22,1234,0.017857142857142856
22,1702,0.02435064935064935
22,1703,0.021825396825396824
22,2238,0.014652014652014654
23,2159,0.0006020408163265307
24,17,0.0006020408163265307
24,201,0.015151515151515154
24,598,0.012870012870012871
24,1636,0.040816326530612235
24,1701,0.012362637362637362
24,2139,0.01636904761904762
24,2141,0.01636904761904762
25,1301,0.0006020408163265307
25,1344,0.0006020408163265307
25,2011,0.0006020408163265307
25,2317,0.0006020408163265307
26,99,0.04365079365079365
26,122,0.03214285714285714
26,123,0.017857142857142856
26,2454,0.01904761904761905
26,2455,0.03214285714285714
27,606,0.007440476190476191
27,1810,0.0006020408163265307
27,2360,0.01904761904761905
27,2578,0.008928571428571428
28,1687,0.0006020408163265307
29,963,0.0006020408163265307
29,2645,0.0006020408163265307
30,697,0.0006020408163265307
30,738,0.007275132275132275
30,1358,0.0006020408163265307
30,1416,0.0006020408163265307
30,2162,0.007275132275132275
30,2343,0.0006020408163265307
31,1594,0.0006020408163265307
32,279,0.0006020408163265307
32,518,0.0006020408163265307
32,1850,0.0006020408163265307
32,1973,0.0006020408163265307
33,286,0.0071428571428571435
33,588,0.007034632034632035
33,698,0.015151515151515154
33,911,0.006944444444444444
33,1051,0.006868131868131869
33,2040,0.007034632034632035
33,2119,0.0006020408163265307
33,2120,0.006944444444444444
33,2121,0.0006020408163265307
34,1358,0.0006020408163265307
35,895,0.01904761904761905
35,1296,0.01636904761904762
35,1913,0.02083333333333333
36,1146,0.0071428571428571435
36,1505,0.02205882352941177
36,1552,0.007034632034632035
36,1640,0.0006020408163265307
36,1781,0.007034632034632035
36,2094,0.006944444444444444
36,2106,0.007440476190476191
36,2107,0.015873015873015872
37,60,0.0006020408163265307
37,1190,0.0006020408163265307
37,2427,0.0006020408163265307
38,429,0.006613756613756613
38,862,0.0006020408163265307
38,863,0.017857142857142856
38,1160,0.007440476190476191
39,22,0.0006020408163265307
39,1349,0.007275132275132275
39,1522,0.0006020408163265307
39,1532,0.0006020408163265307
39,1634,0.007034632034632035
39,1965,0.0006020408163265307
39,2357,0.0006020408163265307
40,507,0.0006020408163265307
40,866,0.0006020408163265307
40,1364,0.0006020408163265307
41,175,0.01636904761904762
41,596,0.029761904761904764
41,644,0.007440476190476191
41,1914,0.013020833333333334
42,87,0.0006020408163265307
42,1372,0.0006020408163265307
43,152,0.0006020408163265307
43,963,0.013528138528138528
43,1530,0.0006020408163265307
43,1653,0.0006020408163265307
43,2399,0.007275132275132275
43,2400,0.007936507936507936
44,1582,0.0006020408163265307
44,2624,0.00992063492063492
44,2701,0.00992063492063492
45,733,0.006313131313131314
45,1219,0.0006020408163265307
45,1986,0.0006020408163265307
45,2303,0.007653061224489796
45,2667,0.0071428571428571435
45,2668,0.007275132275132275
46,1604,0.0006020408163265307
46,2366,0.0006020408163265307
47,163,0.0006020408163265307
47,1579,0.0006020408163265307
48,598,0.0006020408163265307
48,714,0.0006020408163265307
48,1031,0.0006020408163265307
48,1662,0.007034632034632035
48,1666,0.006868131868131869
48,2041,0.0006020408163265307
48,2205,0.0006020408163265307
48,2206,0.0006020408163265307
48,2471,0.0006020408163265307
49,1666,0.0006020408163265307
49,2034,0.0006020408163265307
50,1441,0.0006020408163265307
51,457,0.007440476190476191
51,710,0.01700680272108843
51,1392,0.007653061224489796
51,2213,0.007653061224489796
51,2214,0.0006020408163265307
51,2215,0.007440476190476191
52,1139,0.007653061224489796
52,1467,0.008333333333333333
52,2053,0.0006020408163265307
52,2172,0.01700680272108843
52,2182,0.013605442176870746
53,1103,0.006613756613756613
53,1358,0.012117346938775508
53,1739,0.0071428571428571435
54,401,0.0006020408163265307
54,767,0.0006020408163265307
55,60,0.0006020408163265307
55,210,0.0065476190476190495
55,323,0.006746031746031746
55,651,0.0006020408163265307
55,771,0.006802721088435373
55,787,0.0006020408163265307
55,815,0.0006020408163265307
55,1079,0.006802721088435373
55,1156,0.006802721088435373
55,1983,0.0006020408163265307
55,2020,0.006944444444444444
55,2021,0.0006020408163265307
56,412,0.02083333333333333
56,447,0.01904761904761905
56,1616,0.025793650793650792
56,1849,0.02806122448979592
57,2418,0.0006020408163265307
58,1715,0.0006020408163265307
59,105,0.006944444444444444
59,580,0.006696428571428571
59,609,0.006696428571428571
59,615,0.0006020408163265307
59,1067,0.0006020408163265307
59,1287,0.006944444444444444
59,1358,0.024497660335810623
59,1627,0.0006020408163265307
59,1725,0.006448412698412698
59,2651,0.007034632034632035
60,37,0.0006020408163265307
60,55,0.0006020408163265307
60,1527,0.0006020408163265307
61,1080,0.0071428571428571435
61,1309,0.0006020408163265307
61,1416,0.0006020408163265307
61,2162,0.007440476190476191
61,2312,0.0006020408163265307
62,485,0.0006020408163265307
63,1322,0.0006020408163265307
64,1209,0.008928571428571428
64,1737,0.017857142857142856
64,2616,0.00992063492063492
65,239,0.02161654135338346
65,543,0.0006020408163265307
65,619,0.0071428571428571435
65,771,0.006944444444444444
65,1156,0.006944444444444444
65,1293,0.007034632034632035
65,1628,0.006428571428571429
65,2021,0.02435064935064935
65,2418,0.023809523809523808
65,2419,0.0006020408163265307
66,2631,0.0006020408163265307
67,282,0.0006020408163265307
67,540,0.0006020408163265307
67,2628,0.0006020408163265307
68,391,0.008333333333333333
68,1358,0.0006020408163265307
68,1986,0.006132756132756133
69,604,0.015873015873015872
69,1013,0.0006020408163265307
69,1351,0.006746031746031746
69,1914,0.012925170068027209
69,1920,0.015476190476190475
69,1926,0.015151515151515154
69,2189,0.007034632034632035
70,441,0.007034632034632035
70,2184,0.011904761904761904
71,206,0.00992063492063492
71,1986,0.0006020408163265307
71,2691,0.00992063492063492
72,1103,0.00665266106442577
72,1358,0.006023242630385487
73,449,0.0006020408163265307
73,558,0.014455782312925169
73,797,0.006746031746031746
73,876,0.014285714285714284
73,1035,0.0006020408163265307
73,1136,0.006802721088435373
73,1189,0.023351648351648352
73,1214,0.006696428571428571
73,1358,0.03715937241948802
73,1723,0.006746031746031746
73,1745,0.014136904761904762
73,1751,0.006802721088435373
74,544,0.006746031746031746
74,586,0.006944444444444444
74,1042,0.020408163265306117
74,1118,0.025793650793650792
74,1416,0.006428571428571429
74,1517,0.007275132275132275
74,2052,0.015476190476190475
74,2155,0.013457556935817806
74,2419,0.0006020408163265307
75,84,0.01636904761904762
75,583,0.01700680272108843
75,2222,0.01700680272108843
75,2223,0.01700680272108843
75,2224,0.05208333333333333
75,2225,0.02806122448979592
76,88,0.006274131274131275
76,2018,0.0006020408163265307
76,2178,0.007440476190476191
77,659,0.00992063492063492
77,1803,0.008928571428571428
78,1219,0.0006020408163265307
78,1329,0.0006020408163265307
78,1418,0.0006020408163265307
79,603,0.0006020408163265307
79,2097,0.0006020408163265307
80,257,0.0006020408163265307
80,1117,0.0006020408163265307
80,2049,0.0006020408163265307
81,347,0.007936507936507936
81,423,0.017857142857142856
81,527,0.008928571428571428
81,2180,0.0006020408163265307
82,1138,0.0006020408163265307
82,1634,0.0006020408163265307
83,1520,0.0006020408163265307
83,2581,0.0006020408163265307
84,75,0.01636904761904762
84,284,0.026785714285714284
84,2223,0.03214285714285714
84,2224,0.038690476190476185
84,2226,0.01904761904761905
85,1065,0.0006020408163265307
85,2487,0.0006020408163265307
85,2488,0.0006020408163265307
86,429,0.0006020408163265307
86,1336,0.0071428571428571435
86,2034,0.006235827664399093
86,2295,0.0006020408163265307
87,42,0.0006020408163265307
87,842,0.0006020408163265307
87,2164,0.0006020408163265307
88,76,0.006274131274131275
88,130,0.006274131274131275
88,162,0.006257631257631257
88,300,0.006274131274131275
88,415,0.08293650793650792
88,498,0.0006020408163265307
88,696,0.0006020408163265307
88,737,0.012797619047619049
88,743,0.0006020408163265307
88,815,0.01282051282051282
88,841,0.0006020408163265307
88,851,0.012870012870012871
88,1174,0.027027027027027032
88,1288,0.006283068783068783
88,1309,0.057585825027685486
88,1394,0.0006020408163265307
88,1494,0.0006020408163265307
88,1527,0.006235827664399093
88,1658,0.0006020408163265307
88,1677,0.01978764478764479
88,1713,0.0006020408163265307
88,1732,0.0006020408163265307
88,1741,0.006265664160401002
88,1847,0.006274131274131275
88,1882,0.006257631257631257
88,1908,0.012797619047619049
88,2010,0.006265664160401002
88,2011,0.0006020408163265307
88,2012,0.0006020408163265307
88,2013,0.0006020408163265307
88,2014,0.006283068783068783
88,2015,0.006274131274131275
88,2016,0.006257631257631257
88,2017,0.012844611528822054
88,2178,0.026942355889724302
88,2394,0.006190476190476191
89,258,0.014455782312925169
89,884,0.0006020408163265307
89,1087,0.0006020408163265307
89,1094,0.014652014652014654
89,1157,0.006944444444444444
89,1401,0.014880952380952382
89,1530,0.0006020408163265307
89,1585,0.015476190476190475
89,1653,0.014880952380952382
89,2463,0.006944444444444444
90,155,0.02806122448979592
90,156,0.029761904761904764
90,817,0.015873015873015872
90,1358,0.012116089039165959
91,330,0.007653061224489796
91,1046,0.0006020408163265307
91,2001,0.013784461152882205
91,2122,0.006802721088435373
91,2123,0.040816326530612235
91,2380,0.017857142857142856
92,898,0.008928571428571428
92,1836,0.011904761904761904
93,550,0.0006020408163265307
93,950,0.0006020408163265307
93,1495,0.0006020408163265307
93,2151,0.0006020408163265307
94,195,0.0006020408163265307
94,586,0.0006020408163265307
94,675,0.0006020408163265307
94,733,0.0006020408163265307
94,934,0.0006020408163265307
94,1649,0.0006020408163265307
94,1966,0.0006020408163265307
94,2263,0.006944444444444444
94,2355,0.006944444444444444
94,2357,0.006802721088435373
94,2490,0.007034632034632035
95,334,0.006493506493506493
95,456,0.0205026455026455
95,693,0.006448412698412698
95,734,0.013095238095238096
95,736,0.013180272108843538
95,861,0.0006020408163265307
95,1303,0.0006020408163265307
95,1535,0.0006020408163265307
95,1580,0.02096273291925466
95,1602,0.013180272108843538
95,1628,0.006283068783068783
95,1838,0.006469979296066252
95,2054,0.02060439560439561
95,2074,0.013528138528138528
95,2181,0.01327838827838828
95,2182,0.006265664160401002
95,2183,0.0006020408163265307
95,2197,0.02096273291925466
95,2199,0.028388278388278388
95,2200,0.013605442176870746
95,2201,0.006493506493506493
96,2217,0.0006020408163265307
97,661,0.006696428571428571
97,1353,0.011904761904761904
98,1521,0.0006020408163265307
99,26,0.04365079365079365
99,122,0.029761904761904764
99,123,0.029761904761904764
99,2454,0.017857142857142856
99,2455,0.029761904761904764
99,2604,0.007653061224489796
100,1602,0.0006020408163265307
100,2056,0.0006020408163265307
101,281,0.0006020408163265307
101,1358,0.0006020408163265307
101,1589,0.0006020408163265307
102,109,0.0006020408163265307
102,1251,0.015476190476190475
102,1448,0.007034632034632035
102,1561,0.007440476190476191
102,1623,0.012664640324214792
102,1871,0.0006020408163265307
102,1878,0.007275132275132275
102,2256,0.007440476190476191
103,139,0.006944444444444444
103,306,0.01875
103,484,0.007034632034632035
103,608,0.007275132275132275
103,1775,0.01636904761904762
103,1790,0.0006020408163265307
104,401,0.007440476190476191
104,864,0.02083333333333333
104,1065,0.01636904761904762
104,2210,0.008928571428571428
105,59,0.006944444444444444
105,1721,0.0071428571428571435
105,2476,0.01636904761904762
105,2651,0.02083333333333333
106,2461,0.0006020408163265307
107,541,0.0006020408163265307
107,971,0.008928571428571428
107,1113,0.008928571428571428
107,1650,0.01904761904761905
108,1647,0.008333333333333333
108,2157,0.0006020408163265307
108,2209,0.008928571428571428
109,102,0.0006020408163265307
109,124,0.006292517006802721
109,133,0.006257631257631257
109,153,0.02741702741702742
109,176,0.0006020408163265307
109,236,0.019688644688644688
109,289,0.0006020408163265307
109,306,0.08100147275405008
109,318,0.012987012987012986
109,426,0.027210884353741496
109,459,0.006302521008403361
109,519,0.026862026862026864
109,563,0.02002164502164502
109,610,0.0006020408163265307
109,1045,0.006292517006802721
109,1337,0.012987012987012986
109,1346,0.012987012987012986
109,1624,0.019444444444444445
109,1661,0.0006020408163265307
109,1769,0.0006020408163265307
109,1772,0.01984126984126984
109,1779,0.012925170068027209
109,1785,0.006292517006802721
109,1787,0.019957983193277316
109,1789,0.006292517006802721
109,1805,0.012955182072829129
109,1998,0.006265664160401002
109,2045,0.07187780772686432
109,2092,0.0006020408163265307
109,2093,0.0006020408163265307
109,2094,0.0006020408163265307
109,2095,0.0006020408163265307
110,567,0.0071428571428571435
110,1161,0.0006020408163265307
110,1262,0.007275132275132275
110,1599,0.0006020408163265307
110,2279,0.0006020408163265307
111,758,0.029761904761904764
111,1169,0.01327838827838828
111,1358,0.01827731092436975
111,1762,0.01700680272108843
111,2492,0.01636904761904762
111,2643,0.0006020408163265307
112,306,0.01235684147076552
112,487,0.014652014652014654
112,1623,0.0006020408163265307
112,2080,0.015151515151515154
113,540,0.007936507936507936
113,747,0.008333333333333333
113,1884,0.0006020408163265307
114,610,0.007440476190476191
114,2288,0.008928571428571428
114,2506,0.0006020408163265307
115,973,0.0006020408163265307
116,1076,0.0006020408163265307
116,1501,0.0006020408163265307
117,259,0.011904761904761904
117,2537,0.011904761904761904
118,255,0.013690476190476192
118,388,0.0006020408163265307
118,446,0.0065476190476190495
118,454,0.006377551020408163
118,554,0.0006020408163265307
118,581,0.013528138528138528
118,842,0.0006020408163265307
118,1029,0.006578947368421052
118,1343,0.021103896103896104
118,1507,0.013528138528138528
118,1538,0.0006020408163265307
118,1616,0.00641025641025641
118,1690,0.006578947368421052
118,1851,0.0006020408163265307
118,2010,0.0006020408163265307
118,2030,0.0065476190476190495
118,2112,0.021258503401360544
118,2165,0.0065476190476190495
118,2166,0.006578947368421052
119,379,0.0071428571428571435
119,646,0.0006020408163265307
119,1537,0.0006020408163265307
119,1549,0.007653061224489796
119,1901,0.0071428571428571435
119,1959,0.007275132275132275
120,483,0.017857142857142856
120,514,0.0006020408163265307
120,816,0.026785714285714284
120,1842,0.014880952380952382
120,2405,0.026785714285714284
121,589,0.01636904761904762
121,802,0.0006020408163265307
121,980,0.007275132275132275
121,1158,0.023809523809523808
121,1910,0.0006020408163265307
121,2251,0.01700680272108843
121,2252,0.01700680272108843
122,26,0.03214285714285714
122,99,0.029761904761904764
122,2454,0.02083333333333333
122,2455,0.01904761904761905
123,26,0.017857142857142856
123,99,0.029761904761904764
123,2455,0.01904761904761905
123,2604,0.008333333333333333
124,109,0.006292517006802721
124,306,0.012351190476190477
124,1367,0.006868131868131869
124,1622,0.0006020408163265307
124,2478,0.0006020408163265307
125,458,0.0006020408163265307
125,2363,0.0006020408163265307
126,236,0.023351648351648352
126,306,0.01875
126,1551,0.007936507936507936
126,1623,0.0006020408163265307
126,2045,0.012925170068027209
126,2079,0.007653061224489796
127,2604,0.0006020408163265307
128,233,0.0006020408163265307
128,370,0.0006020408163265307
128,392,0.0006020408163265307
128,2270,0.0006020408163265307
129,441,0.0006020408163265307
129,701,0.0006020408163265307
130,88,0.006274131274131275
130,1982,0.0006020408163265307
130,2017,0.007936507936507936
131,834,0.0006020408163265307
131,2169,0.0006020408163265307
132,379,0.02806122448979592
132,479,0.0006020408163265307
132,904,0.015873015873015872
132,1022,0.007034632034632035
132,1959,0.01700680272108843
133,109,0.006257631257631257
133,399,0.0006020408163265307
133,452,0.007034632034632035
133,1623,0.019376899696048628
133,1670,0.0006020408163265307
133,1777,0.006944444444444444
133,1784,0.015151515151515154
133,2045,0.012844611528822054
133,2082,0.0006020408163265307
134,406,0.0006020408163265307
135,137,0.008333333333333333
135,2095,0.0006020408163265307
135,2144,0.007653061224489796
136,831,0.0006020408163265307
137,135,0.008333333333333333
137,2144,0.029761904761904764
137,2329,0.007440476190476191
137,2504,0.008333333333333333
138,236,0.006944444444444444
138,306,0.006103074141048825
138,1776,0.0006020408163265307
139,18,0.0006020408163265307
139,103,0.006944444444444444
139,306,0.01872822299651568
139,660,0.007440476190476191
139,910,0.015151515151515154
139,1623,0.01940993788819876
139,1780,0.0071428571428571435
139,2045,0.006265664160401002
140,582,0.0006020408163265307
140,623,0.0006020408163265307
141,740,0.008928571428571428
141,1002,0.017857142857142856
141,2034,0.006242740998838561
142,456,0.006868131868131869
142,525,0.02232142857142857
142,1628,0.0065476190476190495
142,2049,0.0006020408163265307
142,2181,0.007034632034632035
143,316,0.007034632034632035
143,598,0.006302521008403361
143,1701,0.0006020408163265307
144,145,0.01700680272108843
144,213,0.03571428571428571
144,1593,0.017857142857142856
144,2192,0.007936507936507936
145,144,0.01700680272108843
145,213,0.01700680272108843
145,537,0.01636904761904762
145,1165,0.017857142857142856
145,1593,0.04365079365079365
145,2622,0.0006020408163265307
146,897,0.007034632034632035
146,1468,0.0006020408163265307
146,1907,0.007034632034632035
146,1927,0.0006020408163265307
146,2059,0.0006020408163265307
147,1519,0.0006020408163265307
147,1976,0.0006020408163265307
148,378,0.008333333333333333
148,381,0.007936507936507936
148,602,0.008333333333333333
148,714,0.0006020408163265307
148,2518,0.0071428571428571435
149,1080,0.0006020408163265307
149,1416,0.0006020408163265307
149,1655,0.0006020408163265307
149,2025,0.0006020408163265307
150,310,0.0006020408163265307
150,914,0.0006020408163265307
150,1942,0.0006020408163265307
151,1986,0.0006020408163265307
151,2236,0.0006020408163265307
151,2238,0.0006020408163265307
151,2335,0.0006020408163265307
152,43,0.0006020408163265307
152,884,0.0006020408163265307
152,2238,0.006868131868131869
152,2240,0.007275132275132275
153,109,0.02741702741702742
153,236,0.023351648351648352
153,306,0.01875
153,459,0.01700680272108843
153,1623,0.006211180124223602
153,2045,0.019957983193277316
154,326,0.014880952380952382
154,364,0.013690476190476192
154,819,0.014455782312925169
154,1238,0.006944444444444444
154,1339,0.014880952380952382
154,1358,0.06339814032121724
154,1444,0.006802721088435373
154,1568,0.006802721088435373
154,1752,0.014880952380952382
154,1753,0.014880952380952382
154,1754,0.023809523809523808
154,2525,0.0006020408163265307
155,90,0.02806122448979592
155,156,0.05527210884353742
155,817,0.03571428571428572
155,1358,0.02450980392156863
155,1689,0.007653061224489796
155,1736,0.02806122448979592
155,1763,0.040816326530612235
156,90,0.029761904761904764
156,155,0.05527210884353742
156,817,0.025
156,1358,0.01827731092436975
156,1689,0.007936507936507936
156,1763,0.02806122448979592
157,598,0.006292517006802721
157,1701,0.006109022556390977
157,1870,0.01904761904761905
157,2493,0.0006020408163265307
158,14,0.007653061224489796
158,180,0.0006020408163265307
158,1701,0.0006020408163265307
158,2034,0.006235827664399093
159,180,0.0006020408163265307
159,2308,0.0006020408163265307
160,277,0.0071428571428571435
160,553,0.02435064935064935
160,743,0.015476190476190475
160,745,0.03571428571428572
160,1986,0.0255863539445629
160,2000,0.007275132275132275
160,2009,0.026785714285714284
161,842,0.0006020408163265307
161,2010,0.0006020408163265307
162,88,0.006257631257631257
162,323,0.0006020408163265307
162,1174,0.007275132275132275
162,1268,0.0006020408163265307
162,1667,0.0006020408163265307
163,47,0.0006020408163265307
164,210,0.0006020408163265307
164,211,0.0006020408163265307
165,598,0.012955182072829129
165,1473,0.03571428571428571
165,2706,0.01904761904761905
165,2707,0.03571428571428571
166,271,0.0006020408163265307
166,2617,0.0006020408163265307
167,168,0.008333333333333333
167,1056,0.008928571428571428
167,2437,0.008333333333333333
167,2482,0.008928571428571428
168,167,0.008333333333333333
168,2437,0.023809523809523808
168,2438,0.00992063492063492
169,1994,0.0006020408163265307
169,2706,0.0006020408163265307
170,1067,0.0006020408163265307
170,1358,0.0006020408163265307
171,775,0.0006020408163265307
171,790,0.007936507936507936
171,1548,0.00992063492063492
172,240,0.029761904761904764
172,512,0.029761904761904764
172,756,0.03463203463203463
172,1692,0.030075187969924814
172,2187,0.017857142857142856
173,687,0.022619047619047625
173,1033,0.008333333333333333
173,1358,0.0060224089635854345
173,1586,0.008333333333333333
174,629,0.0006020408163265307
174,1358,0.0060224089635854345
174,1742,0.00665266106442577
174,2334,0.0006020408163265307
175,41,0.01636904761904762
175,596,0.015476190476190475
175,955,0.007440476190476191
175,1914,0.02741702741702742
175,2135,0.0006020408163265307
175,2217,0.0006020408163265307
175,2388,0.007034632034632035
176,109,0.0006020408163265307
176,231,0.0006020408163265307
176,973,0.0006020408163265307
177,726,0.0006020408163265307
177,1639,0.008333333333333333
177,2679,0.017857142857142856
177,2682,0.008928571428571428
178,833,0.0006020408163265307
179,197,0.008928571428571428
179,231,0.0071428571428571435
179,1986,0.0006020408163265307
180,158,0.0006020408163265307
180,159,0.0006020408163265307
180,775,0.0006020408163265307
180,790,0.0006020408163265307
180,791,0.0006020408163265307
180,1020,0.0006020408163265307
180,1807,0.0006020408163265307
180,2004,0.0006020408163265307
180,2037,0.0006020408163265307
180,2076,0.0006020408163265307
181,1013,0.006283068783068783
181,1359,0.007653061224489796
181,1464,0.025793650793650792
181,1683,0.007936507936507936
182,183,0.00992063492063492
182,997,0.00992063492063492
183,182,0.00992063492063492
183,997,0.023809523809523808
183,1837,0.008333333333333333
184,520,0.0006020408163265307
185,297,0.0006020408163265307
185,2003,0.0006020408163265307
186,1228,0.017857142857142856
186,1319,0.0006020408163265307
186,1536,0.029761904761904764
186,1672,0.0006020408163265307
186,2580,0.01700680272108843
186,2702,0.007936507936507936
187,1208,0.0006020408163265307
188,1169,0.0006020408163265307
188,1727,0.0006020408163265307
189,564,0.008333333333333333
189,1072,0.006324404761904762
189,1262,0.029761904761904764
189,1509,0.008928571428571428
190,491,0.0006020408163265307
190,2135,0.0006020408163265307
191,382,0.0006020408163265307
191,608,0.0006020408163265307
191,1677,0.0006020408163265307
191,1791,0.0006020408163265307
191,1998,0.0006020408163265307
191,2385,0.0006020408163265307
192,2472,0.0006020408163265307
193,441,0.0006020408163265307
193,458,0.0006020408163265307
194,473,0.0006020408163265307
194,1050,0.006868131868131869
194,1451,0.008333333333333333
194,2564,0.01700680272108843
194,2646,0.0006020408163265307
195,94,0.0006020408163265307
195,2424,0.0006020408163265307
196,429,0.0006020408163265307
196,442,0.0006020408163265307
196,2122,0.0006020408163265307
197,179,0.008928571428571428
197,231,0.0071428571428571435
197,2412,0.0006020408163265307
198,1255,0.0006020408163265307
199,420,0.011904761904761904
199,1869,0.0071428571428571435
200,1439,0.011904761904761904
200,2676,0.011904761904761904
201,24,0.015151515151515154
201,297,0.0071428571428571435
201,570,0.007653061224489796
201,598,0.012870012870012871
201,1701,0.006103074141048825
201,1986,0.0006020408163265307
201,2430,0.007653061224489796
202,353,0.01904761904761905
202,1173,0.02083333333333333
202,1250,0.007653061224489796
202,1345,0.008928571428571428
203,854,0.0071428571428571435
203,857,0.007440476190476191
203,963,0.0006020408163265307
203,1115,0.0006020408163265307
203,1869,0.0006020408163265307
204,415,0.0006020408163265307
205,1701,0.006113256113256114
205,1869,0.0071428571428571435
206,71,0.00992063492063492
206,2691,0.011904761904761904
207,833,0.0006020408163265307
208,7,0.0006020408163265307
209,2681,0.0006020408163265307
210,55,0.0065476190476190495
210,164,0.0006020408163265307
210,1079,0.006944444444444444
210,1614,0.007034632034632035
210,1626,0.0006020408163265307
210,1671,0.006802721088435373
210,1905,0.0006020408163265307
210,1906,0.006868131868131869
210,1907,0.006696428571428571
210,2309,0.0006020408163265307
211,164,0.0006020408163265307
211,356,0.0006020408163265307
211,1394,0.0006020408163265307
211,1908,0.0006020408163265307
211,1909,0.0006020408163265307
212,1290,0.0006020408163265307
213,144,0.03571428571428571
213,145,0.01700680272108843
213,1593,0.017857142857142856
213,2192,0.007936507936507936
214,2194,0.0006020408163265307
215,1701,0.0006020408163265307
215,1986,0.0006020408163265307
215,2045,0.0006020408163265307
216,1542,0.0006020408163265307
216,1701,0.0006020408163265307
217,243,0.007936507936507936
217,2473,0.0006020408163265307
217,2474,0.00992063492063492
218,482,0.0006020408163265307
218,733,0.0006020408163265307
218,781,0.0006020408163265307
218,792,0.0006020408163265307
218,1020,0.0006020408163265307
218,1348,0.0006020408163265307
218,1382,0.0006020408163265307
218,2076,0.0006020408163265307
218,2091,0.0006020408163265307
218,2119,0.0006020408163265307
218,2594,0.0006020408163265307
219,507,0.006578947368421052
219,1413,0.013784461152882205
219,1542,0.006336405529953917
220,376,0.0006020408163265307
220,817,0.0006020408163265307
220,913,0.0006020408163265307
221,817,0.0006020408163265307
222,821,0.0006020408163265307
223,744,0.008333333333333333
223,1154,0.006944444444444444
223,1761,0.0006020408163265307
224,1810,0.0006020408163265307
224,2034,0.0006020408163265307
225,2255,0.0006020408163265307
226,1701,0.0006020408163265307
227,534,0.0006020408163265307
227,883,0.0006020408163265307
228,322,0.0006020408163265307
228,848,0.0006020408163265307
228,1358,0.0060219994430520726
228,1721,0.007034632034632035
228,1871,0.0006020408163265307
229,1053,0.008928571428571428
229,1405,0.01904761904761905
229,1894,0.014285714285714284
229,2118,0.008333333333333333
230,549,0.007653061224489796
230,577,0.0006020408163265307
230,1095,0.007275132275132275
230,1217,0.0006020408163265307
230,1810,0.012681159420289856
231,176,0.0006020408163265307
231,179,0.0071428571428571435
231,197,0.0071428571428571435
231,232,0.006944444444444444
231,387,0.0006020408163265307
231,551,0.0006020408163265307
231,1701,0.012351190476190477
231,1868,0.007034632034632035
231,2217,0.0006020408163265307
232,231,0.006944444444444444
232,869,0.01700680272108843
232,1701,0.01880952380952381
232,1864,0.017857142857142856
232,1986,0.0006020408163265307
233,128,0.0006020408163265307
234,610,0.0006020408163265307
234,2591,0.0006020408163265307
235,1701,0.0006020408163265307
236,109,0.019688644688644688
236,126,0.023351648351648352
236,138,0.006944444444444444
236,153,0.023351648351648352
236,306,0.06035262206148283
236,1072,0.006257631257631257
236,1572,0.006868131868131869
236,2045,0.034588159588159584
236,2046,0.014652014652014654
236,2078,0.006868131868131869
236,2079,0.006944444444444444
237,2539,0.0006020408163265307
238,1828,0.0006020408163265307
239,65,0.02161654135338346
239,619,0.006868131868131869
239,887,0.006696428571428571
239,910,0.00665266106442577
239,1069,0.0006020408163265307
239,1220,0.0006020408163265307
239,1274,0.0006020408163265307
239,1376,0.0006020408163265307
239,1759,0.0006020408163265307
239,1909,0.0006020408163265307
239,2021,0.014285714285714284
239,2182,0.0006020408163265307
239,2418,0.014136904761904762
240,172,0.029761904761904764
240,512,0.047619047619047616
240,756,0.03463203463203463
240,1472,0.029761904761904764
240,1692,0.030075187969924814
241,1441,0.0006020408163265307
242,279,0.014652014652014654
242,838,0.029761904761904764
242,1131,0.013528138528138528
242,2280,0.03214285714285714
243,217,0.007936507936507936
243,473,0.007653061224489796
243,2474,0.008333333333333333
243,2647,0.007936507936507936
243,2648,0.0006020408163265307
244,565,0.006802721088435373
244,1072,0.006324404761904762
244,1358,0.0060224089635854345
244,1610,0.007275132275132275
245,782,0.0006020408163265307
245,1162,0.0006020408163265307
246,936,0.007653061224489796
246,1358,0.0006020408163265307
246,1687,0.0006020408163265307
246,2515,0.007653061224489796
247,2583,0.0006020408163265307
248,1264,0.008928571428571428
248,1531,0.008333333333333333
248,1964,0.0006020408163265307
249,621,0.008333333333333333
249,1884,0.0006020408163265307
249,1978,0.007936507936507936
250,2429,0.0006020408163265307
251,253,0.01700680272108843
251,507,0.03916040100250626
251,812,0.040816326530612235
251,1300,0.03463203463203463
251,1413,0.038690476190476185
251,1542,0.02002164502164502
251,1933,0.02806122448979592
252,711,0.0006020408163265307
252,973,0.0006020408163265307
252,1973,0.0006020408163265307
252,2485,0.0006020408163265307
253,251,0.01700680272108843
253,507,0.013888888888888888
253,1413,0.013784461152882205
254,507,0.006613756613756613
254,1211,0.011904761904761904
255,118,0.013690476190476192
255,1266,0.0006020408163265307
255,1343,0.007275132275132275
255,2112,0.007440476190476191
256,756,0.0006020408163265307
257,80,0.0006020408163265307
257,964,0.007440476190476191
257,1388,0.007440476190476191
257,2180,0.0006020408163265307
258,89,0.014455782312925169
258,963,0.006448412698412698
258,1094,0.015476190476190475
258,1153,0.007653061224489796
258,1240,0.0006020408163265307
258,1401,0.015873015873015872
258,2645,0.0006020408163265307
259,117,0.011904761904761904
259,2537,0.011904761904761904
260,365,0.0006020408163265307
261,873,0.007440476190476191
261,1479,0.03571428571428571
261,1701,0.006109022556390977
261,1894,0.006696428571428571
262,1351,0.0006020408163265307
262,1464,0.0006020408163265307
263,364,0.006944444444444444
263,732,0.007936507936507936
263,1103,0.0006020408163265307
264,472,0.0071428571428571435
264,844,0.02083333333333333
264,1826,0.0006020408163265307
264,1902,0.006944444444444444
265,1441,0.0006020408163265307
266,578,0.0006020408163265307
266,809,0.007653061224489796
266,2227,0.0006020408163265307
266,2229,0.008333333333333333
267,670,0.0006020408163265307
267,2000,0.0006020408163265307
267,2373,0.0006020408163265307
268,1740,0.0006020408163265307
268,2451,0.0006020408163265307
269,8,0.0006020408163265307
269,321,0.0006020408163265307
269,418,0.0006020408163265307
269,2543,0.0006020408163265307
269,2551,0.0006020408163265307
270,279,0.023351648351648352
270,838,0.01636904761904762
270,1195,0.007653061224489796
270,1215,0.0006020408163265307
270,2280,0.01700680272108843
271,166,0.0006020408163265307
271,638,0.0071428571428571435
271,1970,0.0006020408163265307
271,2387,0.007275132275132275
271,2498,0.0006020408163265307
272,2012,0.0006020408163265307
273,374,0.007653061224489796
273,846,0.00992063492063492
274,748,0.0006020408163265307
274,749,0.0006020408163265307
275,805,0.0006020408163265307
275,1967,0.0006020408163265307
276,1463,0.01700680272108843
276,1695,0.023809523809523808
276,2133,0.01700680272108843
277,160,0.0071428571428571435
277,553,0.007034632034632035
277,696,0.0006020408163265307
277,973,0.0006020408163265307
277,1869,0.0006020408163265307
278,1185,0.0006020408163265307
279,32,0.0006020408163265307
279,242,0.014652014652014654
279,270,0.023351648351648352
279,304,0.006802721088435373
279,502,0.0006020408163265307
279,666,0.0006020408163265307
279,838,0.022959183673469385
279,1195,0.006802721088435373
279,2165,0.0006020408163265307
279,2280,0.023351648351648352
279,2344,0.0006020408163265307
279,2423,0.006802721088435373
280,1535,0.007936507936507936
280,2155,0.00665266106442577
281,8,0.0006020408163265307
281,101,0.0006020408163265307
281,746,0.0006020408163265307
281,1000,0.0006020408163265307
281,1347,0.0006020408163265307
281,1382,0.0006020408163265307
281,2244,0.0006020408163265307
281,2247,0.0006020408163265307
282,67,0.0006020408163265307
282,747,0.0006020408163265307
283,1559,0.0006020408163265307
283,2250,0.0006020408163265307
284,84,0.026785714285714284
284,583,0.01636904761904762
284,2222,0.01636904761904762
284,2223,0.01636904761904762
284,2224,0.06696428571428571
284,2225,0.026785714285714284
284,2226,0.01700680272108843
285,502,0.0006020408163265307
285,1999,0.0006020408163265307
286,33,0.0071428571428571435
286,442,0.007275132275132275
286,698,0.01904761904761905
287,2705,0.0006020408163265307
288,618,0.0006020408163265307
289,109,0.0006020408163265307
289,1358,0.006022823330515638
289,1722,0.008928571428571428
290,328,0.0006020408163265307
290,567,0.0006020408163265307
290,687,0.006613756613756613
290,1765,0.0006020408163265307
290,2359,0.006802721088435373
291,1692,0.0006020408163265307
292,2562,0.0006020408163265307
293,2038,0.0006020408163265307
294,306,0.0006020408163265307
294,2047,0.0006020408163265307
295,1176,0.0006020408163265307
295,1177,0.0006020408163265307
296,732,0.008333333333333333
296,2685,0.008928571428571428
297,185,0.0006020408163265307
297,201,0.0071428571428571435
297,598,0.006283068783068783
297,899,0.0006020408163265307
297,1542,0.0006020408163265307
298,607,0.0006020408163265307
298,1095,0.007653061224489796
298,1325,0.007653061224489796
299,1484,0.017857142857142856
299,2383,0.006868131868131869
299,2386,0.0006020408163265307
299,2387,0.0006020408163265307
299,2498,0.007936507936507936
300,88,0.006274131274131275
300,415,0.006493506493506493
300,634,0.0006020408163265307
301,1169,0.006469979296066252
301,2492,0.008333333333333333
302,306,0.01876130198915009
302,350,0.00665266106442577
302,719,0.007440476190476191
302,1158,0.006944444444444444
302,1253,0.0006020408163265307
303,719,0.0006020408163265307
303,1670,0.0006020408163265307
303,2143,0.0006020408163265307
304,279,0.006802721088435373
304,1172,0.0006020408163265307
304,1857,0.0006020408163265307
304,2423,0.007936507936507936
305,1416,0.0006020408163265307
305,1927,0.0006020408163265307
306,103,0.01875
306,109,0.08100147275405008
306,112,0.01235684147076552
306,124,0.012351190476190477
306,126,0.01875
306,138,0.006103074141048825
306,139,0.01872822299651568
306,153,0.01875
306,236,0.06035262206148283
306,294,0.0006020408163265307
306,302,0.01876130198915009
306,308,0.012351190476190477
306,329,0.006103074141048825
306,350,0.06760728982951206
306,417,0.006099353321575544
306,426,0.031994047619047616
306,452,0.0006020408163265307
306,476,0.0006020408163265307
306,487,0.052910052910052914
306,519,0.01868770764119601
306,542,0.006101190476190476
306,554,0.0006020408163265307
306,573,0.0006020408163265307
306,581,0.0006020408163265307
306,608,0.012351190476190477
306,655,0.012362637362637362
306,656,0.012362637362637362
306,719,0.006099353321575544
306,887,0.006099353321575544
306,910,0.01875
306,958,0.012362637362637362
306,973,0.006080389144905275
306,1009,0.0006020408163265307
306,1045,0.006099353321575544
306,1072,0.07366071428571429
306,1158,0.006092436974789917
306,1193,0.006105006105006104
306,1245,0.01876130198915009
306,1251,0.0006020408163265307
306,1346,0.01235684147076552
306,1367,0.025243832472748137
306,1483,0.006073858114674441
306,1490,0.006103074141048825
306,1551,0.006105006105006104
306,1572,0.006101190476190476
306,1584,0.012362637362637362
306,1640,0.006103074141048825
306,1651,0.006103074141048825
306,1656,0.012362637362637362
306,1705,0.012340301974448315
306,1770,0.01235684147076552
306,1771,0.0006020408163265307
306,1772,0.031994047619047616
306,1775,0.012351190476190477
306,1779,0.006097560975609756
306,1781,0.0006020408163265307
306,1782,0.031994047619047616
306,1787,0.012345679012345678
306,1797,0.012351190476190477
306,1798,0.04594017094017094
306,1799,0.006101190476190476
306,1802,0.006103074141048825
306,1804,0.006099353321575544
306,1805,0.01876130198915009
306,1856,0.006099353321575544
306,2045,0.0886656746031746
306,2046,0.01876130198915009
306,2048,0.012362637362637362
306,2078,0.006101190476190476
306,2080,0.04583333333333333
306,2084,0.006103074141048825
306,2085,0.025335775335775336
306,2086,0.0006020408163265307
306,2087,0.0006020408163265307
306,2088,0.006105006105006104
306,2089,0.012362637362637362
306,2090,0.01235684147076552
306,2091,0.0006020408163265307
307,991,0.0006020408163265307
308,306,0.012351190476190477
308,350,0.00665266106442577
308,1253,0.0006020408163265307
308,1670,0.0006020408163265307
308,2045,0.006292517006802721
309,383,0.008333333333333333
309,2268,0.007653061224489796
309,2305,0.0006020408163265307
310,150,0.0006020408163265307
310,352,0.006613756613756613
310,875,0.013784461152882205
310,892,0.00665266106442577
310,990,0.0006020408163265307
310,1241,0.006613756613756613
310,1272,0.02205882352941177
310,1331,0.0006020408163265307
310,1581,0.0006020408163265307
310,1815,0.006613756613756613
310,1944,0.030423280423280425
310,1945,0.040266106442577033
310,1946,0.02205882352941177
310,1947,0.02205882352941177
310,1948,0.006613756613756613
